Correlation matrix
                         LOSS_EVNT_NUM   LOSS_DT  CDC_DESC  LOSS_LOC_STR1_ADDR  LOSS_LOC_CITY_NM  LOSS_LOC_ST_ABBR  LOSS_LOC_ZIP_CD    CLM_ID  CLM_STTS_DESC  CLM_SUBRO_OPEN_DT  CLM_CRT_DT  FRST_RSRV_DT  CLM_FIRST_INDEM_PD_DT  CLM_LAST_CLS_DT  CLM_FRST_CLS_DT  CLM_DEFND_ATTY_REP_IND    POL_ID  POL_EFF_DT  POL_EXP_DT  COV_ID_CD  COV_TYP_DESC  POL_COV_LMT_AMT   DED_AMT  CLAIMANT_ID  CLMNT_CITY_NM  CLMNT_ST_ABBR  VEH_MAKE_NM_DESC  VEH_MODEL_NM    VEH_YR  VEH_TYP_NM       VIN  CLM_TTL_INC_AMT  CLM_TTL_OTSTND_RSRV_AMT  CLM_TTL_PAID_AMT  CLM_TTL_RECOVY_AMT
LOSS_EVNT_NUM                 1.000000  0.685641 -0.062369           -0.029939         -0.000307         -0.014967         0.014674 -0.045788       0.024074           0.080441    0.717078      0.717080               0.102252         0.278569         0.302418               -0.017294  0.094128    0.015235    0.012252  -0.022315     -0.002831        -0.001283  0.145393     0.747090       0.008921      -0.010194         -0.065194     -0.098581 -0.125547   -0.158950 -0.046138         0.008782                -0.035322          0.008658           -0.032138
LOSS_DT                       0.685641  1.000000  0.010248           -0.008063         -0.003970         -0.012356         0.030436  0.110999      -0.004165           0.057903    0.794021      0.794023               0.149304         0.314421         0.342695               -0.018742 -0.001974    0.011909    0.018175   0.000075     -0.006860         0.000858  0.004726     0.813550       0.006839      -0.006801          0.024215      0.016007  0.000210    0.001382  0.024020        -0.008402                -0.012523         -0.007130            0.013889
CDC_DESC                     -0.062369  0.010248  1.000000            0.002985         -0.008451         -0.039567         0.050166  0.341704       0.006088          -0.503645   -0.040658     -0.040656               0.131319         0.029112         0.022766                0.074817  0.013623    0.006463    0.005731   0.000792      0.006709         0.007228 -0.002694    -0.046780       0.008622      -0.036965          0.006244      0.010845  0.034362    0.004633  0.020622        -0.087239                -0.034994         -0.084788            0.228059
LOSS_LOC_STR1_ADDR           -0.029939 -0.008063  0.002985            1.000000          0.055657         -0.003734         0.235921  0.076749       0.007833          -0.009646    0.003550      0.003549              -0.000939         0.072490         0.074041               -0.004117 -0.018585   -0.004567   -0.006419  -0.006381      0.010684         0.020847 -0.017682     0.004484       0.006924      -0.000546         -0.009276      0.012552 -0.002598    0.025603 -0.005889         0.019234                 0.063125          0.018757            0.052150
LOSS_LOC_CITY_NM             -0.000307 -0.003970 -0.008451            0.055657          1.000000         -0.045429         0.058696 -0.063702      -0.009324           0.010188    0.011290      0.011290               0.010820        -0.007422        -0.006415               -0.009160  0.009067    0.006604    0.009423   0.002510     -0.000244        -0.017321  0.003821     0.012775       0.487863      -0.038760          0.017145      0.000951  0.001598   -0.015030  0.002447        -0.012527                 0.004957         -0.014359            0.000952
LOSS_LOC_ST_ABBR             -0.014967 -0.012356 -0.039567           -0.003734         -0.045429          1.000000        -0.098895  0.053306      -0.016659           0.031100   -0.010612     -0.010611              -0.004082        -0.044651        -0.047473               -0.020670 -0.121854    0.001417   -0.001252  -0.010549     -0.022637         0.010844  0.028060    -0.007849      -0.045675       0.913327         -0.029024      0.014056  0.007686    0.022030 -0.056684         0.004696                -0.009222          0.003076           -0.041934
LOSS_LOC_ZIP_CD               0.014674  0.030436  0.050166            0.235921          0.058696         -0.098895         1.000000  0.020576       0.001972          -0.030252    0.027311      0.027311               0.029270         0.060156         0.065648                0.007269  0.047347   -0.002619   -0.001559   0.005308      0.007612        -0.003633 -0.025153     0.023465       0.006433      -0.089190         -0.004747     -0.005489 -0.039167    0.004271  0.013069        -0.008414                 0.019813         -0.008809            0.027853
CLM_ID                       -0.045788  0.110999  0.341704            0.076749         -0.063702          0.053306         0.020576  1.000000      -0.002642          -0.187738    0.116582      0.116581               0.146404         0.252257         0.264713                0.052365 -0.042786    0.001742    0.002841   0.005227      0.102226         0.023018 -0.070612     0.096032      -0.048784       0.047348         -0.013252      0.039766  0.045957    0.105798 -0.014214        -0.043137                 0.114968         -0.042417            0.167274
CLM_STTS_DESC                 0.024074 -0.004165  0.006088            0.007833         -0.009324         -0.016659         0.001972 -0.002642       1.000000           0.008415    0.021873      0.021873               0.023575         0.033852         0.034012               -0.001886 -0.005901    0.003725    0.004927  -0.000356     -0.003337         0.001436 -0.001939     0.022050      -0.013586      -0.017148         -0.014961     -0.019095 -0.037751    0.007610 -0.001971         0.006598                 0.009332         -0.007734           -0.010319
CLM_SUBRO_OPEN_DT             0.080441  0.057903 -0.503645           -0.009646          0.010188          0.031100        -0.030252 -0.187738       0.008415           1.000000    0.116731      0.116730               0.274157         0.035560         0.039112               -0.071563 -0.010993   -0.013417   -0.013678   0.007986      0.040465        -0.013102 -0.019326     0.119185      -0.007159       0.031813         -0.004028      0.014673 -0.025145    0.026000 -0.009514        -0.107406                 0.052456         -0.109399           -0.362612
CLM_CRT_DT                    0.717078  0.794021 -0.040658            0.003550          0.011290         -0.010612         0.027311  0.116582       0.021873           0.116731    1.000000      1.000000               0.250678         0.433589         0.471382               -0.013865 -0.026884    0.005759    0.014411   0.007443      0.001554        -0.022953 -0.045042     0.953129       0.007269       0.001533          0.039633      0.047637  0.034353    0.089445  0.044664        -0.027347                -0.081403         -0.026182           -0.066422
FRST_RSRV_DT                  0.717080  0.794023 -0.040656            0.003549          0.011290         -0.010611         0.027311  0.116581       0.021873           0.116730    1.000000      1.000000               0.250680         0.433588         0.471382               -0.013868 -0.026884    0.005760    0.014412   0.007443      0.001552        -0.022953 -0.045041     0.953131       0.007269       0.001534          0.039632      0.047637  0.034353    0.089445  0.044662        -0.027348                -0.081403         -0.026183           -0.066422
CLM_FIRST_INDEM_PD_DT         0.102252  0.149304  0.131319           -0.000939          0.010820         -0.004082         0.029270  0.146404       0.023575           0.274157    0.250678      0.250680               1.000000        -0.037628        -0.004414               -0.033522 -0.033116   -0.003328    0.001610   0.020239     -0.034318        -0.008086 -0.097753     0.231091       0.009873       0.007978          0.015695      0.054139 -0.021981    0.091746  0.015394        -0.500578                -0.125363         -0.500644           -0.221139
CLM_LAST_CLS_DT               0.278569  0.314421  0.029112            0.072490         -0.007422         -0.044651         0.060156  0.252257       0.033852           0.035560    0.433589      0.433588              -0.037628         1.000000         0.928788                0.066386 -0.010237   -0.002705   -0.004382  -0.006691      0.003744        -0.003373 -0.028461     0.423152      -0.005737      -0.037997          0.043156      0.032679 -0.044199    0.063084  0.041657         0.202102                 0.410765          0.200571            0.350955
CLM_FRST_CLS_DT               0.302418  0.342695  0.022766            0.074041         -0.006415         -0.047473         0.065648  0.264713       0.034012           0.039112    0.471382      0.471382              -0.004414         0.928788         1.000000                0.055585 -0.010451   -0.003103   -0.004188  -0.005166     -0.007775        -0.001788 -0.032017     0.458838      -0.006402      -0.041450          0.042476      0.035626 -0.042824    0.070710  0.042431         0.188384                 0.406287          0.187376            0.336731
CLM_DEFND_ATTY_REP_IND       -0.017294 -0.018742  0.074817           -0.004117         -0.009160         -0.020670         0.007269  0.052365      -0.001886          -0.071563   -0.013865     -0.013868              -0.033522         0.066386         0.055585                1.000000  0.001336    0.004286   -0.001268  -0.001687     -0.010998         0.003871 -0.001006    -0.018868      -0.009131      -0.018974          0.001641     -0.005831  0.008557   -0.009072  0.003407         0.029493                 0.045758          0.034605            0.044934
POL_ID                        0.094128 -0.001974  0.013623           -0.018585          0.009067         -0.121854         0.047347 -0.042786      -0.005901          -0.010993   -0.026884     -0.026884              -0.033116        -0.010237        -0.010451                0.001336  1.000000    0.007278    0.037020  -0.023980      0.069292        -0.000566  0.034789    -0.023395       0.018694      -0.122379         -0.031704     -0.057235 -0.053640   -0.079257 -0.021962         0.014379                 0.024234          0.013032            0.020213
POL_EFF_DT                    0.015235  0.011909  0.006463           -0.004567          0.006604          0.001417        -0.002619  0.001742       0.003725          -0.013417    0.005759      0.005760              -0.003328        -0.002705        -0.003103                0.004286  0.007278    1.000000    0.945057   0.007756      0.004979        -0.007879  0.023871     0.010181      -0.001627      -0.001989          0.001450     -0.004470  0.001464   -0.017038  0.010353        -0.002061                -0.004152         -0.002273            0.005441
POL_EXP_DT                    0.012252  0.018175  0.005731           -0.006419          0.009423         -0.001252        -0.001559  0.002841       0.004927          -0.013678    0.014411      0.014412               0.001610        -0.004382        -0.004188               -0.001268  0.037020    0.945057    1.000000   0.001902      0.011806        -0.008899  0.019597     0.017247       0.003033      -0.004258          0.004455     -0.006207  0.002723   -0.014756  0.007643        -0.006493                -0.009062         -0.006584            0.000285
COV_ID_CD                    -0.022315  0.000075  0.000792           -0.006381          0.002510         -0.010549         0.005308  0.005227      -0.000356           0.007986    0.007443      0.007443               0.020239        -0.006691        -0.005166               -0.001687 -0.023980    0.007756    0.001902   1.000000      0.248412         0.001285  0.030951     0.001738      -0.012031      -0.010611          0.026602      0.027864  0.026285    0.043841  0.026103        -0.017231                -0.006501         -0.017237           -0.009229
COV_TYP_DESC                 -0.002831 -0.006860  0.006709            0.010684         -0.000244         -0.022637         0.007612  0.102226      -0.003337           0.040465    0.001554      0.001552              -0.034318         0.003744        -0.007775               -0.010998  0.069292    0.004979    0.011806   0.248412      1.000000        -0.001857  0.005777     0.001783       0.000960      -0.020263         -0.069044     -0.003772  0.038236    0.006169 -0.058965         0.005908                -0.011076          0.006435           -0.023947
POL_COV_LMT_AMT              -0.001283  0.000858  0.007228            0.020847         -0.017321          0.010844        -0.003633  0.023018       0.001436          -0.013102   -0.022953     -0.022953              -0.008086        -0.003373        -0.001788                0.003871 -0.000566   -0.007879   -0.008899   0.001285     -0.001857         1.000000  0.009254    -0.021207      -0.009103      -0.003475         -0.088577     -0.028466  0.027022    0.057153 -0.011292        -0.005112                 0.019032         -0.005183            0.020803
DED_AMT                       0.145393  0.004726 -0.002694           -0.017682          0.003821          0.028060        -0.025153 -0.070612      -0.001939          -0.019326   -0.045042     -0.045041              -0.097753        -0.028461        -0.032017               -0.001006  0.034789    0.023871    0.019597   0.030951      0.005777         0.009254  1.000000    -0.035705       0.012294       0.023306         -0.059404     -0.056908 -0.096644   -0.102620 -0.080953         0.047714                 0.021506          0.046088            0.027544
CLAIMANT_ID                   0.747090  0.813550 -0.046780            0.004484          0.012775         -0.007849         0.023465  0.096032       0.022050           0.119185    0.953129      0.953131               0.231091         0.423152         0.458838               -0.018868 -0.023395    0.010181    0.017247   0.001738      0.001783        -0.021207 -0.035705     1.000000       0.007743       0.003369          0.032381      0.040879  0.021423    0.061174  0.035644        -0.020915                -0.053772         -0.018850           -0.047726
CLMNT_CITY_NM                 0.008921  0.006839  0.008622            0.006924          0.487863         -0.045675         0.006433 -0.048784      -0.013586          -0.007159    0.007269      0.007269               0.009873        -0.005737        -0.006402               -0.009131  0.018694   -0.001627    0.003033  -0.012031      0.000960        -0.009103  0.012294     0.007743       1.000000      -0.032756          0.008867     -0.000310  0.008228    0.005747  0.015598        -0.013008                -0.011787         -0.010967            0.004542
CLMNT_ST_ABBR                -0.010194 -0.006801 -0.036965           -0.000546         -0.038760          0.913327        -0.089190  0.047348      -0.017148           0.031813    0.001533      0.001534               0.007978        -0.037997        -0.041450               -0.018974 -0.122379   -0.001989   -0.004258  -0.010611     -0.020263        -0.003475  0.023306     0.003369      -0.032756       1.000000         -0.024833      0.021725  0.018077    0.030290 -0.051649        -0.004536                -0.014329         -0.006230           -0.044144
VEH_MAKE_NM_DESC             -0.065194  0.024215  0.006244           -0.009276          0.017145         -0.029024        -0.004747 -0.013252      -0.014961          -0.004028    0.039633      0.039632               0.015695         0.043156         0.042476                0.001641 -0.031704    0.001450    0.004455   0.026602     -0.069044        -0.088577 -0.059404     0.032381       0.008867      -0.024833          1.000000      0.079836  0.099770    0.035222  0.483646         0.005484                -0.003989          0.006505            0.000431
VEH_MODEL_NM                 -0.098581  0.016007  0.010845            0.012552          0.000951          0.014056        -0.005489  0.039766      -0.019095           0.014673    0.047637      0.047637               0.054139         0.032679         0.035626               -0.005831 -0.057235   -0.004470   -0.006207   0.027864     -0.003772        -0.028466 -0.056908     0.040879      -0.000310       0.021725          0.079836      1.000000  0.072863    0.243000  0.192603        -0.021189                -0.015195         -0.021591            0.001460
VEH_YR                       -0.125547  0.000210  0.034362           -0.002598          0.001598          0.007686        -0.039167  0.045957      -0.037751          -0.025145    0.034353      0.034353              -0.021981        -0.044199        -0.042824                0.008557 -0.053640    0.001464    0.002723   0.026285      0.038236         0.027022 -0.096644     0.021423       0.008228       0.018077          0.099770      0.072863  1.000000    0.071434  0.160457        -0.011157                -0.163226         -0.002680           -0.069011
VEH_TYP_NM                   -0.158950  0.001382  0.004633            0.025603         -0.015030          0.022030         0.004271  0.105798       0.007610           0.026000    0.089445      0.089445               0.091746         0.063084         0.070710               -0.009072 -0.079257   -0.017038   -0.014756   0.043841      0.006169         0.057153 -0.102620     0.061174       0.005747       0.030290          0.035222      0.243000  0.071434    1.000000  0.052409        -0.036689                -0.020011         -0.040115           -0.023418
VIN                          -0.046138  0.024020  0.020622           -0.005889          0.002447         -0.056684         0.013069 -0.014214      -0.001971          -0.009514    0.044664      0.044662               0.015394         0.041657         0.042431                0.003407 -0.021962    0.010353    0.007643   0.026103     -0.058965        -0.011292 -0.080953     0.035644       0.015598      -0.051649          0.483646      0.192603  0.160457    0.052409  1.000000        -0.005156                -0.017029         -0.002954            0.003784
CLM_TTL_INC_AMT               0.008782 -0.008402 -0.087239            0.019234         -0.012527          0.004696        -0.008414 -0.043137       0.006598          -0.107406   -0.027347     -0.027348              -0.500578         0.202102         0.188384                0.029493  0.014379   -0.002061   -0.006493  -0.017231      0.005908        -0.005112  0.047714    -0.020915      -0.013008      -0.004536          0.005484     -0.021189 -0.011157   -0.036689 -0.005156         1.000000                 0.185174          0.981102            0.321400
CLM_TTL_OTSTND_RSRV_AMT      -0.035322 -0.012523 -0.034994            0.063125          0.004957         -0.009222         0.019813  0.114968       0.009332           0.052456   -0.081403     -0.081403              -0.125363         0.410765         0.406287                0.045758  0.024234   -0.004152   -0.009062  -0.006501     -0.011076         0.019032  0.021506    -0.053772      -0.011787      -0.014329         -0.003989     -0.015195 -0.163226   -0.020011 -0.017029         0.185174                 1.000000          0.180742            0.471902
CLM_TTL_PAID_AMT              0.008658 -0.007130 -0.084788            0.018757         -0.014359          0.003076        -0.008809 -0.042417      -0.007734          -0.109399   -0.026182     -0.026183              -0.500644         0.200571         0.187376                0.034605  0.013032   -0.002273   -0.006584  -0.017237      0.006435        -0.005183  0.046088    -0.018850      -0.010967      -0.006230          0.006505     -0.021591 -0.002680   -0.040115 -0.002954         0.981102                 0.180742          1.000000            0.313260
CLM_TTL_RECOVY_AMT           -0.032138  0.013889  0.228059            0.052150          0.000952         -0.041934         0.027853  0.167274      -0.010319          -0.362612   -0.066422     -0.066422              -0.221139         0.350955         0.336731                0.044934  0.020213    0.005441    0.000285  -0.009229     -0.023947         0.020803  0.027544    -0.047726       0.004542      -0.044144          0.000431      0.001460 -0.069011   -0.023418  0.003784         0.321400                 0.471902          0.313260            1.000000

 Average values per cluster:
+--------------------+--------------------+--------------------+--------------------+--------------------+--------------------+--------------------+--------------------+----------------------+--------------------+--------------------+--------------------+-----------------------+--------------------+--------------------+------------------------+--------------------+--------------------+--------------------+-----------+-----------------------+--------------------+--------------------+--------------------+--------------------+--------------------+--------------------+--------------------+--------------------+--------------------+--------------------+--------------------+-------------------------+--------------------+--------------------+
|   LOSS_EVNT_NUM    |      LOSS_DT       |      CDC_DESC      | LOSS_LOC_STR1_ADDR |  LOSS_LOC_CITY_NM  |  LOSS_LOC_ST_ABBR  |  LOSS_LOC_ZIP_CD   |       CLM_ID       |    CLM_STTS_DESC     | CLM_SUBRO_OPEN_DT  |     CLM_CRT_DT     |    FRST_RSRV_DT    | CLM_FIRST_INDEM_PD_DT |  CLM_LAST_CLS_DT   |  CLM_FRST_CLS_DT   | CLM_DEFND_ATTY_REP_IND |       POL_ID       |     POL_EFF_DT     |     POL_EXP_DT     | COV_ID_CD |      COV_TYP_DESC     |  POL_COV_LMT_AMT   |      DED_AMT       |    CLAIMANT_ID     |   CLMNT_CITY_NM    |   CLMNT_ST_ABBR    |  VEH_MAKE_NM_DESC  |    VEH_MODEL_NM    |       VEH_YR       |     VEH_TYP_NM     |        VIN         |  CLM_TTL_INC_AMT   | CLM_TTL_OTSTND_RSRV_AMT |  CLM_TTL_PAID_AMT  | CLM_TTL_RECOVY_AMT |
+--------------------+--------------------+--------------------+--------------------+--------------------+--------------------+--------------------+--------------------+----------------------+--------------------+--------------------+--------------------+-----------------------+--------------------+--------------------+------------------------+--------------------+--------------------+--------------------+-----------+-----------------------+--------------------+--------------------+--------------------+--------------------+--------------------+--------------------+--------------------+--------------------+--------------------+--------------------+--------------------+-------------------------+--------------------+--------------------+
| 9391.854316546762  | 469.96762589928056 |  33.5089928057554  | 5632.541366906475  | 2224.7832733812947 | 11.946043165467627 | 3375.8992805755397 | 5505.743705035971  |         0.0          |  2620.89118705036  | 9219.015287769784  | 9218.992805755395  |   69.48651079136691   | 7677.776079136691  | 7764.214928057554  |  0.007194244604316547  | 6596.571942446043  | 212.2293165467626  | 208.86870503597123 |    0.0    |          0.0          | 53.65827338129496  | 20.87320143884892  | 9195.450539568345  | 2697.4307553956833 | 9.017985611510792  | 28.52158273381295  | 1063.5440647482014 | 37.111510791366904 |  8.33093525179856  | 6427.336330935252  | 4002.776978417266  |     5.54226618705036    | 4000.3920863309354 | 212.3408273381295  |
| 6570.138728323699  | 312.9306358381503  | 43.47687861271676  | 6191.210982658959  | 2217.901734104046  | 25.393063583815028 | 3229.026011560694  | 8404.184971098266  |         0.0          | 2634.7803468208094 | 6233.947976878612  | 6233.910404624277  |   68.65895953757226   | 6442.164739884393  | 6160.115606936416  |  0.002890173410404624  | 7732.115606936416  |       231.5        | 232.28034682080926 |    0.0    |   2.078034682080925   |        54.0        | 20.352601156069365 |  6280.85260115607  | 2799.450867052023  | 22.023121387283236 | 18.04335260115607  | 1082.9855491329479 | 37.99132947976879  | 8.708092485549132  | 4708.028901734104  | 2456.3526011560693 |    75.95953757225433    | 2447.748554913295  | 214.13005780346822 |
| 3804.9892761394103 |  184.843163538874  | 53.04155495978552  | 5909.5723860589815 | 2230.461126005362  | 30.719839142091153 | 3084.8096514745307 | 6973.0723860589815 |         0.0          |  2777.63672922252  | 3442.918230563003  | 3442.926273458445  |   238.50804289544237  |  2433.79490616622  | 2484.8766756032173 | 0.0013404825737265416  | 5618.584450402145  | 331.7184986595174  | 326.26541554959783 |    0.0    | 0.0013404825737265416 | 53.95576407506702  | 19.517426273458444 | 3428.7238605898124 | 2772.0750670241287 | 26.67426273458445  | 24.66219839142091  | 1129.289544235925  | 36.76407506702413  | 8.983914209115282  | 6027.044235924933  | 50.56300268096515  |           0.0           |  50.3686327077748  | 3.4517426273458445 |
| 3037.0121278941565 | 104.87982359426681 | 27.749724366041896 | 5354.316427783903  | 2151.815876515987  | 43.22491730981257  |  2799.26019845645  | 3312.3759647188535 |         0.0          | 2775.8103638368248 | 1980.5457552370451 | 1980.523704520397  |   18.83572216097023   | 2600.6747519294377 | 2340.917309812569  |          0.0           | 6052.277839029768  | 206.44101433296584 | 201.2789415656009  |    0.0    |          0.0          | 53.89856670341786  | 21.437706725468576 | 2021.3605292171997 | 2608.635060639471  | 38.25248070562293  | 26.173098125689084 |  1101.61190738699  | 37.30760749724366  | 8.545755237045205  | 5734.220507166483  | 2780.366041896362  |    5.181918412348401    | 2762.359426681367  | 33.98787210584344  |
|  9564.65246449457  | 476.24310776942355 | 45.707602339181285 | 5666.4477861319965 | 2390.3533834586465 | 11.703425229741018 | 3316.7903091060984 | 6337.839598997493  | 0.004177109440267335 | 2579.6023391812864 | 9641.064327485381  | 9641.084377610694  |   148.94068504594821  | 7352.604845446951  | 7514.349206349207  |  0.001670843776106934  | 6948.494569757728  | 251.09022556390977 | 247.37092731829574 |    0.0    |          0.0          | 53.92063492063492  | 20.360902255639097 | 9589.970760233919  | 2950.8337510442775 | 8.949874686716791  | 27.652464494569756 | 1090.7151211361738 | 36.50125313283208  | 8.406015037593985  | 6447.541353383459  | 493.3341687552214  |    4.309106098579782    |  482.609022556391  | 71.35254803675856  |
| 6814.746046511628  | 347.01581395348836 | 27.549767441860464 | 5748.670697674419  | 2183.4232558139533 | 43.02325581395349  | 2801.0958139534882 | 4707.471627906977  |         0.0          | 2765.3293023255815 | 6402.5860465116275 |  6402.58976744186  |   36.714418604651165  | 5170.706976744186  | 5075.911627906977  | 0.0009302325581395349  | 5524.100465116279  | 247.38883720930232 | 240.2493023255814  |    0.0    |          0.0          | 53.609302325581396 | 21.783255813953488 | 6497.6251162790695 | 2746.1274418604653 | 38.25116279069768  | 25.634418604651163 | 1087.8865116279069 | 37.25953488372093  | 8.223255813953488  | 5748.797209302325  | 2811.540465116279  |    6.1320930232558135   | 2793.8688372093025 | 32.89860465116279  |
| 9729.165322580646  | 479.7227822580645  | 42.145161290322584 | 5933.301411290323  | 2207.8941532258063 |      43.5625       | 3182.6189516129034 | 6718.204637096775  |         0.0          | 2665.279233870968  | 9911.680443548386  | 9911.691532258064  |   171.59576612903226  | 7073.759072580645  | 7305.971774193548  | 0.0010080645161290322  | 5493.627016129032  | 208.09879032258064 | 203.3165322580645  |    0.0    |          0.0          | 53.801411290322584 | 20.891129032258064 | 9871.339717741936  | 2671.2086693548385 | 39.734879032258064 | 22.880040322580644 | 1109.188508064516  | 36.037298387096776 | 8.722782258064516  | 5378.280241935484  | 362.80645161290323 |    2.6683467741935485   | 359.6915322580645  | 26.881048387096776 |
|       1738.5       |       319.5        |        43.5        |       4742.0       |       2415.5       |       17.25        |      3522.25       |       7335.0       |         0.0          |       2781.0       |      7733.25       |      7733.25       |         192.75        |       4902.5       |      5210.75       |          0.0           |       1258.0       |       281.0        |       236.75       |    1.0    |          5.0          |        54.0        |        39.0        |      6597.75       |      1703.25       |        14.0        |        54.0        |       2114.0       |        45.0        |        15.0        |      11328.0       |       359.5        |           0.0           |       356.5        |        0.0         |
| 4160.246666666667  | 172.27166666666668 | 27.388333333333332 | 5792.1033333333335 |     2363.3175      | 11.865833333333333 | 3287.554166666667  | 3757.179166666667  |         0.0          | 2764.2683333333334 | 3230.7766666666666 |      3230.775      |   20.345833333333335  | 3632.320833333333  |      3482.715      | 0.0008333333333333334  | 6296.038333333333  | 236.30333333333334 | 229.32416666666666 |    0.0    |          0.0          |      53.8575       | 20.843333333333334 | 3278.7616666666668 | 2886.6366666666668 | 9.005833333333333  |       25.88        | 1067.1833333333334 | 37.10583333333334  | 8.523333333333333  | 6386.831666666667  | 2871.6808333333333 |    1.3591666666666666   |     2860.8625      | 28.673333333333332 |
| 9694.564389697649  | 490.31466965285557 | 47.412094064949606 | 5961.718924972004  | 2114.036954087346  | 43.09406494960806  | 3049.389697648376  | 7330.838745800672  |         0.0          | 2351.5274356103023 | 9785.368421052632  | 9785.381858902576  |   83.77827547592385   | 8853.349384098545  |  8940.50503919373  |  0.011198208286674132  | 5540.2586786114225 | 244.5531914893617  | 237.0111982082867  |    0.0    |          0.0          | 53.838745800671894 | 21.665173572228444 | 9807.061590145577  | 2816.951847704367  | 38.69652855543113  | 26.66741321388578  | 1105.4602463605822 | 37.390817469204926 | 8.630459126539753  | 6203.5655095184775 | 4087.7290033594627 |    29.56215005599104    | 4073.6718924972006 | 442.1959686450168  |
| 1558.561996779388  | 358.48470209339774 | 43.05636070853462  |  6437.33655394525  | 2230.3929146537844 | 28.752012882447666 | 3102.7987117552334 |  8635.93880837359  |         0.0          | 2621.2479871175524 | 8997.829307568438  |  8997.80193236715  |   134.98067632850243  |  8555.31884057971  | 8711.882447665057  |  0.008051529790660225  | 3308.636070853462  | 217.82769726247986 | 218.06280193236714 |    0.0    |  0.008051529790660225 | 53.270531400966185 | 9.326892109500806  | 8436.299516908213  | 2797.1771336553943 | 25.750402576489535 | 44.64251207729468  | 1892.059581320451  | 42.83735909822866  | 14.689210950080515 |  9514.08695652174  | 1909.7004830917874 |    37.13848631239936    | 1902.6537842190016 | 182.27053140096618 |
| 4467.290640394089  | 217.2824302134647  | 72.71018062397373  | 6049.319376026273  | 2216.559934318555  | 25.189655172413794 | 3270.5878489326765 | 7834.206896551724  |         0.0          | 764.3029556650247  | 3880.5361247947453 | 3880.5426929392447 |   24.019704433497537  | 5332.633825944171  | 5225.1042692939245 |  0.030377668308702793  | 6060.884236453202  | 233.6264367816092  | 228.21592775041051 |    0.0    |          0.0          | 53.91133004926108  | 20.991789819376027 | 3846.5344827586205 | 2798.7348111658457 | 21.648604269293923 |  26.6247947454844  |  1088.31855500821  | 37.48686371100164  | 8.477011494252874  | 6198.959770114942  | 2826.696223316913  |    7.446633825944171    | 2814.6042692939245 | 746.4991789819376  |
| 3528.354347826087  | 153.82608695652175 | 40.37282608695652  | 6517.451086956522  | 2170.4217391304346 | 27.05217391304348  | 3232.8891304347826 | 6986.866304347826  |         0.0          | 2562.529347826087  | 2614.020652173913  |      2614.025      |   43.71739130434783   | 10114.107608695653 |      10050.85      |  0.02282608695652174   | 6452.497826086957  | 229.71304347826086 | 220.43478260869566 |    0.0    |          0.0          | 53.96195652173913  | 21.139130434782608 | 2948.4565217391305 | 2623.4858695652174 | 22.996739130434783 | 27.02173913043478  | 1094.1684782608695 | 34.594565217391306 | 8.507608695652173  | 5993.714130434782  | 3490.2108695652173 |          576.75         | 3388.3315217391305 |      1042.45       |
| 3998.600903614458  | 191.87801204819277 | 51.87801204819277  | 5805.290662650603  | 2286.203313253012  | 23.951807228915662 | 3290.2439759036147 | 7106.1024096385545 |         0.0          | 2777.227409638554  | 3539.6867469879517 | 3539.6912650602408 |   232.97138554216866  | 2653.2003012048194 | 2751.0963855421687 | 0.0030120481927710845  | 6119.548192771084  | 116.8328313253012  | 112.75602409638554 |    0.0    |          0.0          | 53.70632530120482  | 17.98644578313253  | 3571.885542168675  |  2805.48343373494  | 20.40210843373494  |        25.5        | 1088.4969879518073 | 36.579819277108435 |  8.62801204819277  | 5541.582831325301  | 94.57680722891567  |    0.5225903614457831   |  94.105421686747   | 3.299698795180723  |
| 8673.032061068703  | 480.21984732824427 | 39.96030534351145  | 6391.813740458016  | 2313.945038167939  | 24.485496183206106 | 3346.896183206107  | 7727.287022900763  |         0.0          | 2616.3847328244274 |  8355.51755725191  | 8355.525190839695  |   78.37099236641221   | 10748.496183206107 | 10746.331297709923 |  0.03206106870229008   | 6103.070229007633  | 220.2030534351145  | 215.19847328244273 |    0.0    |          0.0          | 53.93740458015267  | 21.53587786259542  | 8583.984732824427  | 2772.7068702290076 | 20.940458015267176 | 25.26259541984733  | 1088.1541984732823 | 33.62442748091603  | 8.723664122137405  |  5764.88854961832  | 3275.071755725191  |    705.0839694656488    | 3258.212213740458  | 1080.0106870229008 |
+--------------------+--------------------+--------------------+--------------------+--------------------+--------------------+--------------------+--------------------+----------------------+--------------------+--------------------+--------------------+-----------------------+--------------------+--------------------+------------------------+--------------------+--------------------+--------------------+-----------+-----------------------+--------------------+--------------------+--------------------+--------------------+--------------------+--------------------+--------------------+--------------------+--------------------+--------------------+--------------------+-------------------------+--------------------+--------------------+
Cluster 0
+---------------+---------------------+----------------------------------------------------+------------------------------------+------------------+------------------+-----------------+------------+---------------+---------------------+---------------------+---------------------+------------------------------+---------------------+---------------------+------------------------+-------------+---------------------+---------------------+-----------+--------------+-----------------+---------+-------------+---------------------------+---------------+------------------+------------------+--------+--------------------+-------------------+-----------------+-------------------------+------------------+--------------------+
| LOSS_EVNT_NUM |       LOSS_DT       |                      CDC_DESC                      |         LOSS_LOC_STR1_ADDR         | LOSS_LOC_CITY_NM | LOSS_LOC_ST_ABBR | LOSS_LOC_ZIP_CD |   CLM_ID   | CLM_STTS_DESC |  CLM_SUBRO_OPEN_DT  |      CLM_CRT_DT     |     FRST_RSRV_DT    |    CLM_FIRST_INDEM_PD_DT     |   CLM_LAST_CLS_DT   |   CLM_FRST_CLS_DT   | CLM_DEFND_ATTY_REP_IND |    POL_ID   |      POL_EFF_DT     |      POL_EXP_DT     | COV_ID_CD | COV_TYP_DESC | POL_COV_LMT_AMT | DED_AMT | CLAIMANT_ID |       CLMNT_CITY_NM       | CLMNT_ST_ABBR | VEH_MAKE_NM_DESC |   VEH_MODEL_NM   | VEH_YR |     VEH_TYP_NM     |        VIN        | CLM_TTL_INC_AMT | CLM_TTL_OTSTND_RSRV_AMT | CLM_TTL_PAID_AMT | CLM_TTL_RECOVY_AMT |
+---------------+---------------------+----------------------------------------------------+------------------------------------+------------------+------------------+-----------------+------------+---------------+---------------------+---------------------+---------------------+------------------------------+---------------------+---------------------+------------------------+-------------+---------------------+---------------------+-----------+--------------+-----------------+---------+-------------+---------------------------+---------------+------------------+------------------+--------+--------------------+-------------------+-----------------+-------------------------+------------------+--------------------+
|  PA0017735269 | 01/18/2018 00:01:00 |   IV struck object off road-No damage to object    |       Southland Shopping Ctr       |      Aurora      |        CO        |       nan       | Y2AAC64613 |     Closed    |         nan         | 01/19/2018 12:16:44 | 01/19/2018 12:16:44 | 2/10/2018 12:00:00.000000 AM | 02/10/2018 15:10:35 | 02/10/2018 15:10:35 |           N            | 55PHT885558 | 11/08/2017 00:01:00 | 11/08/2018 00:00:59 |           |  Collision   |       nan       |   500   | 149,044,691 |         Littleton         |       CO      |      Toyota      | RAV4 LIMITED SE  |  2017  |   Passenger Car    | JTMDFREV3HJ162977 |      2,334      |            0            |      2,334       |         0          |
|  PA0017749006 | 01/31/2018 00:01:00 |       Hit/run struck parked IV-IV unoccupied       |           Manchester Ave           |   Los Angeles    |        CA        |       nan       | Y2AAC68543 |     Closed    |         nan         | 01/31/2018 11:49:40 | 01/31/2018 11:49:40 | 2/1/2018 12:00:00.000000 AM  | 02/01/2018 12:19:33 | 02/01/2018 12:19:33 |           N            | 55PHL852917 | 08/10/2017 00:01:00 | 08/10/2018 00:00:59 |           |  Collision   |       nan       |   500   | 149,525,235 |         INGLEWOOD         |       CA      |       BMW        |      528 I       |  2016  |   Passenger Car    | WBA5A5C59GD526392 |       952       |            0            |       952        |         0          |
|  PA0017749598 | 01/28/2018 00:01:00 |    IV struck object in road-No damage to object    |      9 Macarthur Pl Unit 1006      |    Santa Ana     |        CA        |    92707-6745   | Y2DAC11482 |     Closed    |         nan         | 01/31/2018 16:21:37 | 01/31/2018 16:21:37 | 2/9/2018 12:00:00.000000 AM  | 02/09/2018 17:56:52 | 02/09/2018 17:56:52 |           N            | 72PH 930692 | 11/09/2017 00:01:00 | 11/09/2018 00:00:59 |           |  Collision   |       nan       |   500   | 149,507,730 |         Santa Ana         |       CA      |      Smart       |  FORTWO PASSION  |  2009  |   Passenger Car    | WMEEK31XX9K232279 |      3,935      |            0            |      3,935       |         0          |
|  PA0017749039 | 01/30/2018 00:01:00 |           IV struck OV in rear/2 Vs only           |       77622 Country Club Dr        |   Palm Desert    |        CA        |      92211      | Y2DAC11366 |     Closed    |         nan         | 01/31/2018 12:10:46 | 01/31/2018 12:10:46 | 3/6/2018 12:00:00.000000 AM  | 02/13/2018 15:43:54 | 02/13/2018 15:43:54 |           N            | 55PHL909704 | 11/11/2017 00:01:00 | 11/11/2018 00:00:59 |           |  Collision   |       nan       |  1,000  | 149,533,992 |        Palm Desert        |       CA      |      Toyota      |      PRIUS       |  2013  |   Passenger Car    | JTDKN3DU7D1688782 |        80       |            0            |        80        |         0          |
